0 4.359949021420038 7.853351478166735 0.0
1 0.25926231827891333 8.539752926394888 0.7017432262649653
2 5.496624778787091 4.942368373819278 1.1404067252149148
3 4.3532239261827685 8.46561485357468 0.9830698355517516
4 4.20367802087489 0.7964547700906099 1.0052367200185492
5 3.3033482100387412 5.05246090121704 0.8868926511185593
6 2.046486340378425 0.6528650438687811 1.2936374544415772
7 6.192709663506637 4.281223275973894 1.0800041788778065
8 2.9965467367452314 0.9653091566061256 0.6622985985023139
9 2.6682727510286663 1.2715997170127746 1.2007523466071564
10 6.211338327692949 5.967453089785958 1.4645510800892552
11 5.29142094277039 2.2601200060423587 1.0000083611702166
12 1.3457994534493356 1.0694568430998297 1.389520063946145
13 5.135781212657465 2.203062070705597 0.8416136526711097
14 1.8443986564691528 3.498262850032993 1.0671441276277092
