0 4.359949021420038 5.05246090121704 0.0
1 0.25926231827891333 0.6528650438687811 0.25000209029255416
2 5.496624778787091 4.281223275973894 0.34738001598653623
3 4.3532239261827685 0.9653091566061256 0.21040341316777741
4 4.20367802087489 1.2715997170127746 0.2667860319069273
5 3.3033482100387412 5.967453089785958 0.2318864908240275
6 2.046486340378425 2.2601200060423587 0.23418681575669975
7 6.192709663506637 1.0694568430998297 0.3191397962492751
8 2.9965467367452314 2.203062070705597 0.2589010433744141
9 2.6682727510286663 3.498262850032993 0.36343555673621664
10 6.211338327692949 4.677874845823002 0.26105204003702553
11 5.29142094277039 2.0174322626496535 0.1455237305687562
12 1.3457994534493356 6.404067252149148 0.2165856004187551
13 5.135781212657465 4.830698355517517 0.3377126260011254
14 1.8443986564691528 5.052367200185492 0.2265687607619877
15 7.853351478166735 3.868926511185593 0.1318005914737124
16 8.539752926394888 7.936374544415771 0.18679430974933833
17 4.942368373819278 5.800041788778066 0.14178609268423867
18 8.46561485357468 1.6229859850231387 0.3734630028553182
19 0.7964547700906099 7.007523466071563 0.3676450783442934
