0 5.4881350392732475 9.78618342232764 0.0
1 7.151893663724195 7.9915856421672355 0.23425798844983536
2 6.027633760716439 4.6147936225293185 0.29940779898181624
3 5.448831829968968 7.805291762864554 0.14005636790731746
4 4.236547993389047 1.1827442586893322 0.2916916788614169
5 6.458941130666561 6.399210213275238 0.29265946740453985
6 4.375872112626925 1.433532874090464 0.17759564026846023
7 8.917730007820797 9.446689170495839 0.15723157441371333
8 9.636627605010293 5.218483217500717 0.20385708773104597
9 3.8344151882577773 4.146619399905235 0.21592769273565565
10 7.917250380826646 2.64555612104627 0.2675491926044699
11 5.288949197529044 7.742336894342166 0.2346503783655801
12 5.680445610939323 4.5615033221654855 0.37209345951480655
13 9.25596638292661 5.684339488686485 0.15051120268700702
14 0.7103605819788694 0.18789800436355142 0.17721918902370867
15 0.8712929970154071 6.176354970758771 0.16532737947124906
16 0.2021839744032572 6.120957227224214 0.2882770813663496
17 8.32619845547938 6.169339968747569 0.18832290063494553
18 7.781567509498505 9.437480785146242 0.24157769321407657
19 8.700121482468191 6.818202991034834 0.18610639800040069
