0 9.670298390136766 4.3614664687979765 0.0
1 5.4723224917572235 9.489773067815628 0.2809790283870558
2 9.726843599648843 7.86305985935061 0.316851241772531
3 7.148159936743647 8.662892985816985 0.1697434775102827
4 6.977288245972709 1.7316542149594816 0.2188939421468856
5 2.160894955803764 0.7494858701310703 0.2506332648317336
6 9.762744547762418 6.007427213777693 0.2966667699790865
7 0.06230255204589863 1.6797218371840383 0.1884199121653458
8 2.5298236238344396 7.333801675105699 0.26368521573563963
9 4.3479153240444575 4.084438601520147 0.28123271101602443
10 7.793829217937525 5.279088234179204 0.3488752915140365
11 1.9768507460025309 9.37571583950942 0.2157133971082816
12 8.629932355992223 5.21696122444958 0.28438926825468414
13 9.834006771753128 1.0819338288723068 0.17286160052974084
14 1.6384224140469872 1.5822340718479944 0.24944852865432643
15 5.973339439328592 5.452026517032128 0.1706113511428017
16 0.08986097667554982 5.244040800684734 0.3545957597849407
17 3.865712826436294 6.3761024412599365 0.2329555178353069
18 0.44160057931499574 4.0149544359027285 0.3325470255245866
19 9.56652967714236 6.498051090193423 0.22919407616959064
