0 4.17022004702574 8.007445686755366 0.0
1 7.203244934421581 9.682615757193975 0.31204141359495985
2 0.0011437481734488664 3.1342417815924284 0.1951109980161013
3 3.0233257263183977 6.923226156693141 0.32231983211287213
4 1.4675589081711304 8.763891522960384 0.1508065016444105
5 0.923385947687978 8.946066635038473 0.2369733815439763
6 1.862602113776709 0.8504421136977791 0.3521488757732739
7 3.4556072704304777 0.3905478323288236 0.19840353709341987
8 3.9676747423066994 1.698304195645689 0.19694383464658718
9 5.3881673400335695 8.78142503429413 0.15750714302956942
10 4.191945144032948 0.983468338330501 0.12984173946757427
11 6.852195003967595 4.211076250050522 0.29470888323497274
12 2.0445224973151745 9.57889530150502 0.17790702900001476
13 8.781174363909454 5.331652849730171 0.19138666484305655
14 0.27387593197926163 6.9187711395047335 0.24789328982008457
15 6.704675101784022 3.1551563100606295 0.1383406362792701
16 4.17304802367127 6.865009276815837 0.2685294013730033
17 5.586898284457517 8.346256718973729 0.16168214372645254
18 1.4038693859523377 0.18288277344191806 0.27232638422582106
19 1.981014890848788 7.501443149449675 0.2999395900052328
