0 5.507979025745755 2.835250817713187 0.0
1 7.081478226181048 6.931379183129963 0.24223506217479226
2 2.9090473891294435 4.404537176707395 0.19230889456276531
3 5.10827605197663 1.5686773847496327 0.19794819355635815
4 8.929469543476547 5.446490180318447 0.23942159983074449
5 8.96293088933438 7.80314764511367 0.3401334782367316
6 1.2558531046383625 3.0636353237617975 0.2715632261169554
7 2.0724287813818676 2.219578839321814 0.19587196560805245
8 0.5146720330082988 3.8797125755564874 0.19449437665590033
9 4.408098436506364 9.363836498604304 0.2386555188804867
10 0.29876210878566956 9.759954224729338 0.17635258615124688
11 4.568332243947111 6.723836759128137 0.17534467776076829
12 6.491440476147607 9.02834108538398 0.2535087649543605
13 2.784872826479753 8.457508712931793 0.14680734219520117
14 6.7625490198013125 3.7799404132888914 0.24589638308789663
15 5.908628174163509 0.9221700887172424 0.21554405309695834
16 0.23981882377165364 6.534109025235361 0.3019216554539178
17 5.58854087990882 5.578407623884509 0.31168655577550114
18 2.592524469074654 3.615647630625781 0.2977732304639411
19 4.151011970100696 2.250545048398319 0.29729510343872856
