0 5.507979025745755 5.908628174163509 0.0
1 7.081478226181048 0.23981882377165364 1.0
2 2.9090473891294435 5.58854087990882 1.0
3 5.10827605197663 2.592524469074654 1.0
4 8.929469543476547 4.151011970100696 1.0
5 8.96293088933438 2.835250817713187 1.0
6 1.2558531046383625 6.931379183129963 1.0
7 2.0724287813818676 4.404537176707395 1.0
8 0.5146720330082988 1.5686773847496327 1.0
9 4.408098436506364 5.446490180318447 1.0
10 0.29876210878566956 7.80314764511367 1.0
11 4.568332243947111 3.0636353237617975 1.0
12 6.491440476147607 2.219578839321814 1.0
13 2.784872826479753 3.8797125755564874 1.0
14 6.7625490198013125 9.363836498604304 1.0
