0 9.670298390136766 5.973339439328592 0.0
1 5.4723224917572235 0.08986097667554982 1.0
2 9.726843599648843 3.865712826436294 1.0
3 7.148159936743647 0.44160057931499574 1.0
4 6.977288245972709 9.56652967714236 1.0
5 2.160894955803764 4.3614664687979765 1.0
6 9.762744547762418 9.489773067815628 1.0
7 0.06230255204589863 7.86305985935061 1.0
8 2.5298236238344396 8.662892985816985 1.0
9 4.3479153240444575 1.7316542149594816 1.0
10 7.793829217937525 0.7494858701310703 1.0
11 1.9768507460025309 6.007427213777693 1.0
12 8.629932355992223 1.6797218371840383 1.0
13 9.834006771753128 7.333801675105699 1.0
14 1.6384224140469872 4.084438601520147 1.0
