0 9.670298390136766 5.973339439328592 0.0
1 5.4723224917572235 0.08986097667554982 0.2937571583950942
2 9.726843599648843 3.865712826436294 0.2521696122444958
3 7.148159936743647 0.44160057931499574 0.21081933828872307
4 6.977288245972709 9.56652967714236 0.21582234071847994
5 2.160894955803764 4.3614664687979765 0.2545202651703213
6 9.762744547762418 9.489773067815628 0.25244040800684736
7 0.06230255204589863 7.86305985935061 0.26376102441259935
8 2.5298236238344396 8.662892985816985 0.2401495443590273
9 4.3479153240444575 1.7316542149594816 0.2649805109019342
10 7.793829217937525 0.7494858701310703 0.23969000029017326
11 1.9768507460025309 6.007427213777693 0.2623916113548223
12 8.629932355992223 1.6797218371840383 0.27674049670901235
13 9.834006771753128 7.333801675105699 0.2178973910041131
14 1.6384224140469872 4.084438601520147 0.23755757685875423
