0 4.359949021420038 6.211338327692949 0.0
1 0.25926231827891333 5.29142094277039 0.20652865043868782
2 5.496624778787091 1.3457994534493356 0.24281223275973896
3 4.3532239261827685 5.135781212657465 0.20965309156606127
4 4.20367802087489 1.8443986564691528 0.21271599717012776
5 3.3033482100387412 7.853351478166735 0.2596745308978596
6 2.046486340378425 8.539752926394888 0.22260120006042358
7 6.192709663506637 4.942368373819278 0.21069456843099832
8 2.9965467367452314 8.46561485357468 0.22203062070705598
9 2.6682727510286663 0.7964547700906099 0.23498262850032992
