0 9.670298390136766 7.793829217937525 0.0
1 5.4723224917572235 1.9768507460025309 0.2948977306781563
2 9.726843599648843 8.629932355992223 0.2786305985935061
3 7.148159936743647 9.834006771753128 0.28662892985816985
4 6.977288245972709 1.6384224140469872 0.21731654214959484
5 2.160894955803764 5.973339439328592 0.2074948587013107
6 9.762744547762418 0.08986097667554982 0.2600742721377769
7 0.06230255204589863 3.865712826436294 0.2167972183718404
8 2.5298236238344396 0.44160057931499574 0.27333801675105696
9 4.3479153240444575 9.56652967714236 0.24084438601520147
