0 4.17022004702574 4.191945144032948 0.0
1 7.203244934421581 6.852195003967595 0.29682615757193975
2 0.0011437481734488664 2.0445224973151745 0.2313424178159243
3 3.0233257263183977 8.781174363909454 0.2692322615669314
4 1.4675589081711304 0.27387593197926163 0.28763891522960383
5 0.923385947687978 6.704675101784022 0.2894606663503847
6 1.862602113776709 4.17304802367127 0.2085044211369778
7 3.4556072704304777 5.586898284457517 0.20390547832328826
8 3.9676747423066994 1.4038693859523377 0.2169830419564569
9 5.3881673400335695 1.981014890848788 0.2878142503429413
