0 4.359949021420038 5.05246090121704 0.0
1 0.25926231827891333 0.6528650438687811 1.0000083611702166
2 5.496624778787091 4.281223275973894 1.389520063946145
3 4.3532239261827685 0.9653091566061256 0.8416136526711097
4 4.20367802087489 1.2715997170127746 1.0671441276277092
5 3.3033482100387412 5.967453089785958 0.92754596329611
6 2.046486340378425 2.2601200060423587 0.936747263026799
7 6.192709663506637 1.0694568430998297 1.2765591849971003
8 2.9965467367452314 2.203062070705597 1.0356041734976564
9 2.6682727510286663 3.498262850032993 1.4537422269448665
10 6.211338327692949 4.677874845823002 1.0442081601481021
11 5.29142094277039 2.0174322626496535 0.5820949222750248
12 1.3457994534493356 6.404067252149148 0.8663424016750204
13 5.135781212657465 4.830698355517517 1.3508505040045016
14 1.8443986564691528 5.052367200185492 0.9062750430479508
15 7.853351478166735 3.868926511185593 0.5272023658948496
16 8.539752926394888 7.936374544415771 0.7471772389973533
17 4.942368373819278 5.800041788778066 0.5671443707369547
18 8.46561485357468 1.6229859850231387 1.4938520114212728
19 0.7964547700906099 7.007523466071563 1.4705803133771735
