0 5.507979025745755 2.835250817713187 0.0
1 7.081478226181048 6.931379183129963 0.9689402486991691
2 2.9090473891294435 4.404537176707395 0.7692355782510613
3 5.10827605197663 1.5686773847496327 0.7917927742254326
4 8.929469543476547 5.446490180318447 0.9576863993229779
5 8.96293088933438 7.80314764511367 1.3605339129469265
6 1.2558531046383625 3.0636353237617975 1.0862529044678215
7 2.0724287813818676 2.219578839321814 0.7834878624322098
8 0.5146720330082988 3.8797125755564874 0.7779775066236013
9 4.408098436506364 9.363836498604304 0.9546220755219468
10 0.29876210878566956 9.759954224729338 0.7054103446049875
11 4.568332243947111 6.723836759128137 0.7013787110430731
12 6.491440476147607 9.02834108538398 1.014035059817442
13 2.784872826479753 8.457508712931793 0.5872293687808047
14 6.7625490198013125 3.7799404132888914 0.9835855323515865
15 5.908628174163509 0.9221700887172424 0.8621762123878334
16 0.23981882377165364 6.534109025235361 1.2076866218156712
17 5.58854087990882 5.578407623884509 1.2467462231020046
18 2.592524469074654 3.615647630625781 1.1910929218557644
19 4.151011970100696 2.250545048398319 1.1891804137549142
