0 5.507979025745755 2.835250817713187 0.0
1 7.081478226181048 6.931379183129963 0.4937880497398338
2 2.9090473891294435 4.404537176707395 0.45384711565021224
3 5.10827605197663 1.5686773847496327 0.45835855484508653
4 8.929469543476547 5.446490180318447 0.4915372798645956
5 8.96293088933438 7.80314764511367 0.5721067825893853
6 1.2558531046383625 3.0636353237617975 0.5172505808935642
7 2.0724287813818676 2.219578839321814 0.456697572486442
8 0.5146720330082988 3.8797125755564874 0.45559550132472026
9 4.408098436506364 9.363836498604304 0.49092441510438933
10 0.29876210878566956 9.759954224729338 0.4410820689209975
11 4.568332243947111 6.723836759128137 0.44027574220861465
12 6.491440476147607 9.02834108538398 0.5028070119634884
13 2.784872826479753 8.457508712931793 0.41744587375616093
14 6.7625490198013125 3.7799404132888914 0.4967171064703173
15 5.908628174163509 0.9221700887172424 0.4724352424775667
16 0.23981882377165364 6.534109025235361 0.5415373243631342
17 5.58854087990882 5.578407623884509 0.5493492446204009
18 2.592524469074654 3.615647630625781 0.5382185843711529
19 4.151011970100696 2.250545048398319 0.5378360827509828
