0 4.359949021420038 5.05246090121704 0.0
1 0.25926231827891333 0.6528650438687811 0.5000016722340433
2 5.496624778787091 4.281223275973894 0.577904012789229
3 4.3532239261827685 0.9653091566061256 0.4683227305342219
4 4.20367802087489 1.2715997170127746 0.5134288255255418
5 3.3033482100387412 5.967453089785958 0.485509192659222
6 2.046486340378425 2.2601200060423587 0.4873494526053598
7 6.192709663506637 1.0694568430998297 0.5553118369994201
8 2.9965467367452314 2.203062070705597 0.5071208346995313
9 2.6682727510286663 3.498262850032993 0.5907484453889733
10 6.211338327692949 4.677874845823002 0.5088416320296204
11 5.29142094277039 2.0174322626496535 0.41641898445500497
12 1.3457994534493356 6.404067252149148 0.47326848033500407
13 5.135781212657465 4.830698355517517 0.5701701008009004
14 1.8443986564691528 5.052367200185492 0.48125500860959014
15 7.853351478166735 3.868926511185593 0.4054404731789699
16 8.539752926394888 7.936374544415771 0.4494354477994707
17 4.942368373819278 5.800041788778066 0.41342887414739093
18 8.46561485357468 1.6229859850231387 0.5987704022842546
19 0.7964547700906099 7.007523466071563 0.5941160626754347
