0 4.17022004702574 8.007445686755366 0.0
1 7.203244934421581 9.682615757193975 0.5496331308759679
2 0.0011437481734488664 3.1342417815924284 0.456088798412881
3 3.0233257263183977 6.923226156693141 0.5578558656902977
4 1.4675589081711304 8.763891522960384 0.4206452013155284
5 0.923385947687978 8.946066635038473 0.48957870523518104
6 1.862602113776709 0.8504421136977791 0.5817191006186191
7 3.4556072704304777 0.3905478323288236 0.45872282967473593
8 3.9676747423066994 1.698304195645689 0.4575550677172698
9 5.3881673400335695 8.78142503429413 0.42600571442365553
10 4.191945144032948 0.983468338330501 0.40387339157405944
11 6.852195003967595 4.211076250050522 0.5357671065879782
12 2.0445224973151745 9.57889530150502 0.44232562320001184
13 8.781174363909454 5.331652849730171 0.45310933187444524
14 0.27387593197926163 6.9187711395047335 0.49831463185606767
15 6.704675101784022 3.1551563100606295 0.4106725090234161
16 4.17304802367127 6.865009276815837 0.5148235210984026
17 5.586898284457517 8.346256718973729 0.42934571498116203
18 1.4038693859523377 0.18288277344191806 0.5178611073806568
19 1.981014890848788 7.501443149449675 0.5399516720041863
