0 5.507979025745755 2.835250817713187 0.0
1 7.081478226181048 6.931379183129963 0.48447012434958453
2 2.9090473891294435 4.404537176707395 0.38461778912553063
3 5.10827605197663 1.5686773847496327 0.3958963871127163
4 8.929469543476547 5.446490180318447 0.47884319966148897
5 8.96293088933438 7.80314764511367 0.6802669564734632
6 1.2558531046383625 3.0636353237617975 0.5431264522339108
7 2.0724287813818676 2.219578839321814 0.3917439312161049
8 0.5146720330082988 3.8797125755564874 0.38898875331180066
9 4.408098436506364 9.363836498604304 0.4773110377609734
10 0.29876210878566956 9.759954224729338 0.35270517230249376
11 4.568332243947111 6.723836759128137 0.35068935552153657
12 6.491440476147607 9.02834108538398 0.507017529908721
13 2.784872826479753 8.457508712931793 0.29361468439040234
14 6.7625490198013125 3.7799404132888914 0.49179276617579326
15 5.908628174163509 0.9221700887172424 0.4310881061939167
16 0.23981882377165364 6.534109025235361 0.6038433109078356
17 5.58854087990882 5.578407623884509 0.6233731115510023
18 2.592524469074654 3.615647630625781 0.5955464609278822
19 4.151011970100696 2.250545048398319 0.5945902068774571
