0 9.670298390136766 4.3614664687979765 0.0
1 5.4723224917572235 9.489773067815628 0.5619580567741116
2 9.726843599648843 7.86305985935061 0.633702483545062
3 7.148159936743647 8.662892985816985 0.3394869550205654
4 6.977288245972709 1.7316542149594816 0.4377878842937712
5 2.160894955803764 0.7494858701310703 0.5012665296634672
6 9.762744547762418 6.007427213777693 0.593333539958173
7 0.06230255204589863 1.6797218371840383 0.3768398243306916
8 2.5298236238344396 7.333801675105699 0.5273704314712793
9 4.3479153240444575 4.084438601520147 0.5624654220320489
10 7.793829217937525 5.279088234179204 0.697750583028073
11 1.9768507460025309 9.37571583950942 0.4314267942165632
12 8.629932355992223 5.21696122444958 0.5687785365093683
13 9.834006771753128 1.0819338288723068 0.3457232010594817
14 1.6384224140469872 1.5822340718479944 0.49889705730865286
15 5.973339439328592 5.452026517032128 0.3412227022856034
16 0.08986097667554982 5.244040800684734 0.7091915195698814
17 3.865712826436294 6.3761024412599365 0.4659110356706138
18 0.44160057931499574 4.0149544359027285 0.6650940510491732
19 9.56652967714236 6.498051090193423 0.4583881523391813
