0 5.4881350392732475 9.78618342232764 0.0
1 7.151893663724195 7.9915856421672355 0.4685159768996707
2 6.027633760716439 4.6147936225293185 0.5988155979636325
3 5.448831829968968 7.805291762864554 0.2801127358146349
4 4.236547993389047 1.1827442586893322 0.5833833577228338
5 6.458941130666561 6.399210213275238 0.5853189348090797
6 4.375872112626925 1.433532874090464 0.35519128053692045
7 8.917730007820797 9.446689170495839 0.31446314882742665
8 9.636627605010293 5.218483217500717 0.40771417546209193
9 3.8344151882577773 4.146619399905235 0.4318553854713113
10 7.917250380826646 2.64555612104627 0.5350983852089398
11 5.288949197529044 7.742336894342166 0.4693007567311602
12 5.680445610939323 4.5615033221654855 0.7441869190296131
13 9.25596638292661 5.684339488686485 0.30102240537401403
14 0.7103605819788694 0.18789800436355142 0.35443837804741735
15 0.8712929970154071 6.176354970758771 0.33065475894249813
16 0.2021839744032572 6.120957227224214 0.5765541627326992
17 8.32619845547938 6.169339968747569 0.37664580126989106
18 7.781567509498505 9.437480785146242 0.48315538642815314
19 8.700121482468191 6.818202991034834 0.37221279600080137
