0 9.670298390136766 7.793829217937525 0.0
1 5.4723224917572235 1.9768507460025309 1.1795909227126251
2 9.726843599648843 8.629932355992223 1.1145223943740243
3 7.148159936743647 9.834006771753128 1.1465157194326794
4 6.977288245972709 1.6384224140469872 0.8692661685983794
5 2.160894955803764 5.973339439328592 0.8299794348052428
6 9.762744547762418 0.08986097667554982 1.0402970885511076
7 0.06230255204589863 3.865712826436294 0.8671888734873616
8 2.5298236238344396 0.44160057931499574 1.0933520670042278
9 4.3479153240444575 9.56652967714236 0.9633775440608059
