0 5.507979025745755 0.29876210878566956 0.0
1 7.081478226181048 4.568332243947111 1.0772551673251984
2 2.9090473891294435 6.491440476147607 0.9761814870682958
3 5.10827605197663 2.784872826479753 0.8627470953899854
4 8.929469543476547 6.7625490198013125 1.017859607212738
5 8.96293088933438 5.908628174163509 1.1121259058045467
6 1.2558531046383625 0.23981882377165364 0.9225454129504719
7 2.0724287813818676 5.58854087990882 0.8887831535728726
8 0.5146720330082988 2.592524469074654 0.9551885030222595
9 4.408098436506364 4.151011970100696 1.174553459944172
