0 9.670298390136766 7.793829217937525 0.0
1 5.4723224917572235 1.9768507460025309 0.3622443266953907
2 9.726843599648843 8.629932355992223 0.32157649648376524
3 7.148159936743647 9.834006771753128 0.34157232464542464
4 6.977288245972709 1.6384224140469872 0.16829135537398704
5 2.160894955803764 5.973339439328592 0.14373714675327676
6 9.762744547762418 0.08986097667554982 0.27518568034444235
7 0.06230255204589863 3.865712826436294 0.16699304592960096
8 2.5298236238344396 0.44160057931499574 0.30834504187764245
9 4.3479153240444575 9.56652967714236 0.22711096503800368
