0 5.4881350392732475 7.917250380826646 0.0
1 7.151893663724195 5.288949197529044 0.3247896410541809
2 6.027633760716439 5.680445610939323 0.24036984056323296
3 5.448831829968968 9.25596638292661 0.32013229407161387
4 4.236547993389047 0.7103605819788694 0.1545686064672333
5 6.458941130666561 0.8712929970154071 0.284980255331881
6 4.375872112626925 0.2021839744032572 0.1608383218522616
7 8.917730007820797 8.32619845547938 0.361167229262396
8 9.636627605010293 7.781567509498505 0.25546208043751795
9 3.8344151882577773 8.700121482468191 0.2286654849976309
