0 4.17022004702574 4.191945144032948 0.0
1 7.203244934421581 6.852195003967595 0.3670653939298494
2 0.0011437481734488664 2.0445224973151745 0.2033560445398107
3 3.0233257263183977 8.781174363909454 0.2980806539173285
4 1.4675589081711304 0.27387593197926163 0.3440972880740096
5 0.923385947687978 6.704675101784022 0.34865166587596186
6 1.862602113776709 4.17304802367127 0.14626105284244448
7 3.4556072704304777 5.586898284457517 0.1347636958082206
8 3.9676747423066994 1.4038693859523377 0.16745760489114223
9 5.3881673400335695 1.981014890848788 0.3445356258573533
