0 5.507979025745755 0.29876210878566956 0.0
1 7.081478226181048 4.568332243947111 0.2982844795782491
2 2.9090473891294435 6.491440476147607 0.23511342941768487
3 5.10827605197663 2.784872826479753 0.16421693461874082
4 8.929469543476547 6.7625490198013125 0.26116225450796116
5 8.96293088933438 5.908628174163509 0.32007869112784176
6 1.2558531046383625 0.23981882377165364 0.20159088309404494
7 2.0724287813818676 5.58854087990882 0.18048947098304535
8 0.5146720330082988 2.592524469074654 0.2219928143889122
9 4.408098436506364 4.151011970100696 0.35909591246510764
