0 0.7630828937395717 9.095935277196137 0.0
1 7.7991879224011464 2.133853535799155 0.25
2 4.384092314408935 4.521239618176831 0.25
3 7.234651778309412 9.312060196890217 0.25
4 9.779895119966026 0.24899227550348013 0.25
5 5.384958704104337 6.005489174641225 0.25
6 5.011204636599379 9.501295004136455 0.25
7 0.7205113335976154 2.3030287902096482 0.25
8 2.6843898010187117 5.484899192360304 0.25
9 4.9988250082556 9.091283748867312 0.25
10 6.792299961209405 1.3316944575925016 0.25
11 8.037390361043755 5.234125806737659 0.25
12 3.809411331485384 7.504098591020348 0.25
13 0.6593634690590511 6.690132408839138 0.25
14 2.8814559930799355 4.6775285974498075 0.25
