0 2.219931710897395 2.740864619922246 0.0
1 8.707323061773764 4.142350190810513 0.25
2 2.067191553394264 2.9607993273364794 0.25
3 9.186109079379216 6.287879088794833 0.25
4 4.884111887948292 5.798378101895451 0.25
5 6.1174386290264575 5.999291966249876 0.25
6 7.659078564803155 2.658191175355072 0.25
7 5.184179878729433 2.846858806413638 0.25
8 2.9680050157622198 2.535882057737875 0.25
9 1.8772122866125163 3.275639476887341 0.25
10 0.8074126876487486 1.4416430065342045 0.25
11 7.3844029619897 1.6561286120126761 0.25
12 4.413092228959531 9.639305290679419 0.25
13 1.583098677126512 9.602267152856939 0.25
14 8.799370312012789 1.8841465559593518 0.25
