0 8.734294027918162 4.260917704761922 0.0
1 9.68540662820932 2.8907502801808773 0.25
2 8.691945402139199 9.738552412004463 0.25
3 5.3085569155559895 3.3377404551067036 0.25
4 2.327283279772907 2.1880106081982795 0.25
5 0.11398804277429897 0.6580838778721143 0.25
6 4.304688182924905 9.828705465534338 0.25
7 4.023513600373648 1.2785571292503184 0.25
8 5.226746713525696 3.2213079320417934 0.25
9 4.783917958024024 0.7094284475019874 0.25
10 5.553564738223304 2.247699389680454 0.25
11 5.433860175425403 3.936349149436049 0.25
12 7.60895575602929 8.961450048806352 0.25
13 7.123745740820913 3.4546161199786707 0.25
14 6.196820961034396 9.847494372852713 0.25
