0 0.10374153885699955 5.727598155694093 0.0
1 5.018745921487388 8.980071182251496 0.25
2 4.957732931341461 6.668989729196366 0.25
3 1.3382952895927658 5.478377830464815 0.25
4 1.4211108545453854 7.024274240680553 0.25
5 2.1855867562607822 3.864771696146654 0.25
6 4.185081805104525 6.944386777644582 0.25
7 2.4810116841355914 8.248704645005482 0.25
8 0.8405965116535008 4.656684753672659 0.25
9 3.454986400504001 9.40524409526656 0.25
10 1.6677634653232143 8.037397700123178 0.25
11 8.785590855326591 9.833592482243326 0.25
12 9.509640316267165 1.696362575837671 0.25
13 0.38748375832319826 5.210847114597973 0.25
14 6.99107391398761 9.455174169762406 0.25
