0 8.928601514360016 9.902242713734164 0.0
1 3.3197980530117723 8.198581969218413 0.25
2 8.212291230578318 4.132009348161808 0.25
3 0.41696625725249903 8.762676552066274 0.25
4 1.0765667993596795 8.237594325705214 0.25
5 5.950520642062402 0.5447450782235463 0.25
6 5.298173621928216 7.186372365641943 0.25
7 4.188074285566543 8.021705624244754 0.25
8 3.3540784927332923 7.364066438114389 0.25
9 6.225194321960902 7.091317507811673 0.25
10 4.381414261088741 5.409368543025281 0.25
11 7.358821063486902 1.2482417438060978 0.25
12 5.180364119992688 9.576472954696683 0.25
13 5.788586002261571 4.032562987349198 0.25
14 6.4535509589559386 2.169511603235601 0.25
