0 9.670298390136766 5.973339439328592 0.0
1 5.4723224917572235 0.08986097667554982 0.25
2 9.726843599648843 3.865712826436294 0.25
3 7.148159936743647 0.44160057931499574 0.25
4 6.977288245972709 9.56652967714236 0.25
5 2.160894955803764 4.3614664687979765 0.25
6 9.762744547762418 9.489773067815628 0.25
7 0.06230255204589863 7.86305985935061 0.25
8 2.5298236238344396 8.662892985816985 0.25
9 4.3479153240444575 1.7316542149594816 0.25
10 7.793829217937525 0.7494858701310703 0.25
11 1.9768507460025309 6.007427213777693 0.25
12 8.629932355992223 1.6797218371840383 0.25
13 9.834006771753128 7.333801675105699 0.25
14 1.6384224140469872 4.084438601520147 0.25
