0 5.507979025745755 5.908628174163509 0.0
1 7.081478226181048 0.23981882377165364 0.5861918379564068
2 2.9090473891294435 5.58854087990882 0.7014170542691991
3 5.10827605197663 2.592524469074654 0.6728754356465896
4 8.929469543476547 4.151011970100696 0.43899702066444457
5 8.96293088933438 2.835250817713187 0.2961085044358621
6 1.2558531046383625 6.931379183129963 0.5767054512617681
7 2.0724287813818676 4.404537176707395 0.5289203811942255
8 0.5146720330082988 1.5686773847496327 0.43078238153128906
9 4.408098436506364 5.446490180318447 0.36252725241991596
10 0.29876210878566956 7.80314764511367 0.4532599581881243
11 4.568332243947111 3.0636353237617975 0.48447012434958453
12 6.491440476147607 2.219578839321814 0.38461778912553063
13 2.784872826479753 3.8797125755564874 0.3958963871127163
14 6.7625490198013125 9.363836498604304 0.47884319966148897
