0 4.359949021420038 7.853351478166735 0.0
1 0.25926231827891333 8.539752926394888 0.35087161313248266
2 5.496624778787091 4.942368373819278 0.5702033626074574
3 4.3532239261827685 8.46561485357468 0.4915349177758758
4 4.20367802087489 0.7964547700906099 0.5026183600092746
5 3.3033482100387412 5.05246090121704 0.44344632555927965
6 2.046486340378425 0.6528650438687811 0.6468187272207886
7 6.192709663506637 4.281223275973894 0.5400020894389033
8 2.9965467367452314 0.9653091566061256 0.33114929925115694
9 2.6682727510286663 1.2715997170127746 0.6003761733035782
10 6.211338327692949 5.967453089785958 0.7322755400446276
11 5.29142094277039 2.2601200060423587 0.5000041805851083
12 1.3457994534493356 1.0694568430998297 0.6947600319730725
13 5.135781212657465 2.203062070705597 0.42080682633555483
14 1.8443986564691528 3.498262850032993 0.5335720638138546
