0 5.4881350392732475 0.8712929970154071 0.0
1 7.151893663724195 0.2021839744032572 0.5
2 6.027633760716439 8.32619845547938 0.5
3 5.448831829968968 7.781567509498505 0.5
4 4.236547993389047 8.700121482468191 0.5
5 6.458941130666561 9.78618342232764 0.5
6 4.375872112626925 7.9915856421672355 0.5
7 8.917730007820797 4.6147936225293185 0.5
8 9.636627605010293 7.805291762864554 0.5
9 3.8344151882577773 1.1827442586893322 0.5
10 7.917250380826646 6.399210213275238 0.5
11 5.288949197529044 1.433532874090464 0.5
12 5.680445610939323 9.446689170495839 0.5
13 9.25596638292661 5.218483217500717 0.5
14 0.7103605819788694 4.146619399905235 0.5
