0 9.670298390136766 5.973339439328592 0.0
1 5.4723224917572235 0.08986097667554982 0.5875143167901884
2 9.726843599648843 3.865712826436294 0.5043392244889916
3 7.148159936743647 0.44160057931499574 0.42163867657744614
4 6.977288245972709 9.56652967714236 0.4316446814369599
5 2.160894955803764 4.3614664687979765 0.5090405303406426
6 9.762744547762418 9.489773067815628 0.5048808160136947
7 0.06230255204589863 7.86305985935061 0.5275220488251987
8 2.5298236238344396 8.662892985816985 0.4802990887180546
9 4.3479153240444575 1.7316542149594816 0.5299610218038684
10 7.793829217937525 0.7494858701310703 0.4793800005803465
11 1.9768507460025309 6.007427213777693 0.5247832227096446
12 8.629932355992223 1.6797218371840383 0.5534809934180247
13 9.834006771753128 7.333801675105699 0.4357947820082262
14 1.6384224140469872 4.084438601520147 0.47511515371750845
