0 5.4881350392732475 7.917250380826646 0.0
1 7.151893663724195 5.288949197529044 1.2991585642167236
2 6.027633760716439 5.680445610939323 0.9614793622529318
3 5.448831829968968 9.25596638292661 1.2805291762864555
4 4.236547993389047 0.7103605819788694 0.6182744258689332
5 6.458941130666561 0.8712929970154071 1.139921021327524
6 4.375872112626925 0.2021839744032572 0.6433532874090464
7 8.917730007820797 8.32619845547938 1.444668917049584
8 9.636627605010293 7.781567509498505 1.0218483217500718
9 3.8344151882577773 8.700121482468191 0.9146619399905236
