0 4.359949021420038 6.211338327692949 0.0
1 0.25926231827891333 5.29142094277039 0.5652865043868781
2 5.496624778787091 1.3457994534493356 0.9281223275973894
3 4.3532239261827685 5.135781212657465 0.5965309156606126
4 4.20367802087489 1.8443986564691528 0.6271599717012775
5 3.3033482100387412 7.853351478166735 1.096745308978596
6 2.046486340378425 8.539752926394888 0.7260120006042359
7 6.192709663506637 4.942368373819278 0.606945684309983
8 2.9965467367452314 8.46561485357468 0.7203062070705597
9 2.6682727510286663 0.7964547700906099 0.8498262850032993
