0 9.670298390136766 7.793829217937525 0.0
1 5.4723224917572235 1.9768507460025309 1.4489773067815628
2 9.726843599648843 8.629932355992223 1.286305985935061
3 7.148159936743647 9.834006771753128 1.3662892985816986
4 6.977288245972709 1.6384224140469872 0.6731654214959482
5 2.160894955803764 5.973339439328592 0.574948587013107
6 9.762744547762418 0.08986097667554982 1.1007427213777694
7 0.06230255204589863 3.865712826436294 0.6679721837184038
8 2.5298236238344396 0.44160057931499574 1.2333801675105698
9 4.3479153240444575 9.56652967714236 0.9084438601520147
