0 4.17022004702574 4.191945144032948 0.0
1 7.203244934421581 6.852195003967595 1.4682615757193975
2 0.0011437481734488664 2.0445224973151745 0.8134241781592428
3 3.0233257263183977 8.781174363909454 1.192322615669314
4 1.4675589081711304 0.27387593197926163 1.3763891522960383
5 0.923385947687978 6.704675101784022 1.3946066635038474
6 1.862602113776709 4.17304802367127 0.5850442113697779
7 3.4556072704304777 5.586898284457517 0.5390547832328824
8 3.9676747423066994 1.4038693859523377 0.6698304195645689
9 5.3881673400335695 1.981014890848788 1.3781425034294132
