0 5.4881350392732475 7.917250380826646 0.0
1 7.151893663724195 5.288949197529044 0.5598317128433448
2 6.027633760716439 5.680445610939323 0.49229587245058637
3 5.448831829968968 9.25596638292661 0.5561058352572911
4 4.236547993389047 0.7103605819788694 0.4236548851737867
5 6.458941130666561 0.8712929970154071 0.5279842042655047
6 4.375872112626925 0.2021839744032572 0.4286706574818093
7 8.917730007820797 8.32619845547938 0.5889337834099168
8 9.636627605010293 7.781567509498505 0.5043696643500143
9 3.8344151882577773 8.700121482468191 0.48293238799810473
