0 5.507979025745755 2.835250817713187 0.0
1 7.081478226181048 6.931379183129963 0.2468940248699169
2 2.9090473891294435 4.404537176707395 0.22692355782510612
3 5.10827605197663 1.5686773847496327 0.22917927742254326
4 8.929469543476547 5.446490180318447 0.2457686399322978
5 8.96293088933438 7.80314764511367 0.28605339129469265
6 1.2558531046383625 3.0636353237617975 0.2586252904467821
7 2.0724287813818676 2.219578839321814 0.228348786243221
8 0.5146720330082988 3.8797125755564874 0.22779775066236013
9 4.408098436506364 9.363836498604304 0.24546220755219467
10 0.29876210878566956 9.759954224729338 0.22054103446049875
11 4.568332243947111 6.723836759128137 0.22013787110430733
12 6.491440476147607 9.02834108538398 0.2514035059817442
13 2.784872826479753 8.457508712931793 0.20872293687808047
14 6.7625490198013125 3.7799404132888914 0.24835855323515865
15 5.908628174163509 0.9221700887172424 0.23621762123878334
16 0.23981882377165364 6.534109025235361 0.2707686621815671
17 5.58854087990882 5.578407623884509 0.27467462231020046
18 2.592524469074654 3.615647630625781 0.26910929218557644
19 4.151011970100696 2.250545048398319 0.2689180413754914
