0 4.17022004702574 8.007445686755366 0.0
1 7.203244934421581 9.682615757193975 0.27481656543798394
2 0.0011437481734488664 3.1342417815924284 0.2280443992064405
3 3.0233257263183977 6.923226156693141 0.27892793284514883
4 1.4675589081711304 8.763891522960384 0.2103226006577642
5 0.923385947687978 8.946066635038473 0.24478935261759052
6 1.862602113776709 0.8504421136977791 0.29085955030930954
7 3.4556072704304777 0.3905478323288236 0.22936141483736797
8 3.9676747423066994 1.698304195645689 0.2287775338586349
9 5.3881673400335695 8.78142503429413 0.21300285721182777
10 4.191945144032948 0.983468338330501 0.20193669578702972
11 6.852195003967595 4.211076250050522 0.2678835532939891
12 2.0445224973151745 9.57889530150502 0.22116281160000592
13 8.781174363909454 5.331652849730171 0.22655466593722262
14 0.27387593197926163 6.9187711395047335 0.24915731592803383
15 6.704675101784022 3.1551563100606295 0.20533625451170806
16 4.17304802367127 6.865009276815837 0.2574117605492013
17 5.586898284457517 8.346256718973729 0.21467285749058101
18 1.4038693859523377 0.18288277344191806 0.2589305536903284
19 1.981014890848788 7.501443149449675 0.26997583600209313
