0 5.4881350392732475 9.78618342232764 0.0
1 7.151893663724195 7.9915856421672355 0.24370319537993415
2 6.027633760716439 4.6147936225293185 0.2697631195927265
3 5.448831829968968 7.805291762864554 0.206022547162927
4 4.236547993389047 1.1827442586893322 0.26667667154456676
5 6.458941130666561 6.399210213275238 0.26706378696181593
6 4.375872112626925 1.433532874090464 0.2210382561073841
7 8.917730007820797 9.446689170495839 0.21289262976548534
8 9.636627605010293 5.218483217500717 0.23154283509241838
9 3.8344151882577773 4.146619399905235 0.23637107709426225
10 7.917250380826646 2.64555612104627 0.25701967704178796
11 5.288949197529044 7.742336894342166 0.24386015134623204
12 5.680445610939323 4.5615033221654855 0.2988373838059226
13 9.25596638292661 5.684339488686485 0.21020448107480283
14 0.7103605819788694 0.18789800436355142 0.22088767560948347
15 0.8712929970154071 6.176354970758771 0.21613095178849964
16 0.2021839744032572 6.120957227224214 0.26531083254653987
17 8.32619845547938 6.169339968747569 0.22532916025397823
18 7.781567509498505 9.437480785146242 0.24663107728563063
19 8.700121482468191 6.818202991034834 0.2244425592001603
