0 4.17022004702574 6.704675101784022 0.0
1 7.203244934421581 4.17304802367127 0.23027690625126304
2 0.0011437481734488664 5.586898284457517 0.3644723825376255
3 3.0233257263183977 1.4038693859523377 0.25829132124325427
4 1.4675589081711304 1.981014890848788 0.29796927848761834
5 0.923385947687978 8.007445686755366 0.20387890775151574
6 1.862602113776709 9.682615757193975 0.2966252319203959
7 3.4556072704304777 3.1342417815924284 0.3336564179743432
8 3.9676747423066994 6.923226156693141 0.12957206933604795
9 5.3881673400335695 8.763891522960384 0.3125360787362419
10 4.191945144032948 8.946066635038473 0.37221527222662365
11 6.852195003967595 0.8504421136977791 0.31204141359495985
12 2.0445224973151745 0.3905478323288236 0.1951109980161013
13 8.781174363909454 1.698304195645689 0.32231983211287213
14 0.27387593197926163 8.78142503429413 0.1508065016444105
