0 5.4881350392732475 0.8712929970154071 0.0
1 7.151893663724195 0.2021839744032572 0.31855842235855414
2 6.027633760716439 8.32619845547938 0.23903758305413714
3 5.448831829968968 7.781567509498505 0.2671084872171621
4 4.236547993389047 8.700121482468191 0.12969745010908879
5 6.458941130666561 9.78618342232764 0.27940887426896927
6 4.375872112626925 7.9915856421672355 0.2780239306806054
7 8.917730007820797 4.6147936225293185 0.27923349921868923
8 9.636627605010293 7.805291762864554 0.36093701962865604
9 3.8344151882577773 1.1827442586893322 0.29545507477587085
10 7.917250380826646 6.399210213275238 0.2148769751434465
11 5.288949197529044 1.433532874090464 0.23425798844983536
12 5.680445610939323 9.446689170495839 0.29940779898181624
13 9.25596638292661 5.218483217500717 0.14005636790731746
14 0.7103605819788694 4.146619399905235 0.2916916788614169
