0 5.507979025745755 5.908628174163509 0.0
1 7.081478226181048 0.23981882377165364 1.0689534703651256
2 2.9090473891294435 5.58854087990882 1.1611336434153592
3 5.10827605197663 2.592524469074654 1.1383003485172716
4 8.929469543476547 4.151011970100696 0.9511976165315557
5 8.96293088933438 2.835250817713187 0.8368868035486897
6 1.2558531046383625 6.931379183129963 1.0613643610094146
7 2.0724287813818676 4.404537176707395 1.0231363049553803
8 0.5146720330082988 1.5686773847496327 0.9446259052250312
9 4.408098436506364 5.446490180318447 0.8900218019359328
10 0.29876210878566956 7.80314764511367 0.9626079665504994
11 4.568332243947111 3.0636353237617975 0.9875760994796676
12 6.491440476147607 2.219578839321814 0.9076942313004245
13 2.784872826479753 3.8797125755564874 0.9167171096901731
14 6.7625490198013125 9.363836498604304 0.9830745597291912
