0 5.4881350392732475 0.8712929970154071 0.0
1 7.151893663724195 0.2021839744032572 1.1096934757736867
2 6.027633760716439 8.32619845547938 0.9824601328866194
3 5.448831829968968 7.781567509498505 1.0273735795474594
4 4.236547993389047 8.700121482468191 0.8075159201745421
5 6.458941130666561 9.78618342232764 1.0470541988303508
6 4.375872112626925 7.9915856421672355 1.0448382890889685
7 8.917730007820797 4.6147936225293185 1.0467735987499027
8 9.636627605010293 7.805291762864554 1.1774992314058497
9 3.8344151882577773 1.1827442586893322 1.0727281196413934
10 7.917250380826646 6.399210213275238 0.9438031602295144
11 5.288949197529044 1.433532874090464 0.9748127815197366
12 5.680445610939323 9.446689170495839 1.079052478370906
13 9.25596638292661 5.218483217500717 0.824090188651708
14 0.7103605819788694 4.146619399905235 1.066706686178267
