0 4.17022004702574 8.007445686755366 0.0
1 7.203244934421581 9.682615757193975 1.0
2 0.0011437481734488664 3.1342417815924284 1.0
3 3.0233257263183977 6.923226156693141 1.0
4 1.4675589081711304 8.763891522960384 1.0
5 0.923385947687978 8.946066635038473 1.0
6 1.862602113776709 0.8504421136977791 1.0
7 3.4556072704304777 0.3905478323288236 1.0
8 3.9676747423066994 1.698304195645689 1.0
9 5.3881673400335695 8.78142503429413 1.0
10 4.191945144032948 0.983468338330501 1.0
11 6.852195003967595 4.211076250050522 1.0
12 2.0445224973151745 9.57889530150502 1.0
13 8.781174363909454 5.331652849730171 1.0
14 0.27387593197926163 6.9187711395047335 1.0
15 6.704675101784022 3.1551563100606295 1.0
16 4.17304802367127 6.865009276815837 1.0
17 5.586898284457517 8.346256718973729 1.0
18 1.4038693859523377 0.18288277344191806 1.0
19 1.981014890848788 7.501443149449675 1.0
