0 5.507979025745755 2.835250817713187 0.0
1 7.081478226181048 6.931379183129963 1.0
2 2.9090473891294435 4.404537176707395 1.0
3 5.10827605197663 1.5686773847496327 1.0
4 8.929469543476547 5.446490180318447 1.0
5 8.96293088933438 7.80314764511367 1.0
6 1.2558531046383625 3.0636353237617975 1.0
7 2.0724287813818676 2.219578839321814 1.0
8 0.5146720330082988 3.8797125755564874 1.0
9 4.408098436506364 9.363836498604304 1.0
10 0.29876210878566956 9.759954224729338 1.0
11 4.568332243947111 6.723836759128137 1.0
12 6.491440476147607 9.02834108538398 1.0
13 2.784872826479753 8.457508712931793 1.0
14 6.7625490198013125 3.7799404132888914 1.0
15 5.908628174163509 0.9221700887172424 1.0
16 0.23981882377165364 6.534109025235361 1.0
17 5.58854087990882 5.578407623884509 1.0
18 2.592524469074654 3.615647630625781 1.0
19 4.151011970100696 2.250545048398319 1.0
