0 5.4881350392732475 9.78618342232764 0.0
1 7.151893663724195 7.9915856421672355 1.0
2 6.027633760716439 4.6147936225293185 1.0
3 5.448831829968968 7.805291762864554 1.0
4 4.236547993389047 1.1827442586893322 1.0
5 6.458941130666561 6.399210213275238 1.0
6 4.375872112626925 1.433532874090464 1.0
7 8.917730007820797 9.446689170495839 1.0
8 9.636627605010293 5.218483217500717 1.0
9 3.8344151882577773 4.146619399905235 1.0
10 7.917250380826646 2.64555612104627 1.0
11 5.288949197529044 7.742336894342166 1.0
12 5.680445610939323 4.5615033221654855 1.0
13 9.25596638292661 5.684339488686485 1.0
14 0.7103605819788694 0.18789800436355142 1.0
15 0.8712929970154071 6.176354970758771 1.0
16 0.2021839744032572 6.120957227224214 1.0
17 8.32619845547938 6.169339968747569 1.0
18 7.781567509498505 9.437480785146242 1.0
19 8.700121482468191 6.818202991034834 1.0
