0 9.670298390136766 7.793829217937525 0.0
1 5.4723224917572235 1.9768507460025309 0.7244886533907814
2 9.726843599648843 8.629932355992223 0.6431529929675305
3 7.148159936743647 9.834006771753128 0.6831446492908493
4 6.977288245972709 1.6384224140469872 0.3365827107479741
5 2.160894955803764 5.973339439328592 0.2874742935065535
6 9.762744547762418 0.08986097667554982 0.5503713606888847
7 0.06230255204589863 3.865712826436294 0.3339860918592019
8 2.5298236238344396 0.44160057931499574 0.6166900837552849
9 4.3479153240444575 9.56652967714236 0.45422193007600736
