0 5.4881350392732475 7.917250380826646 0.0
1 7.151893663724195 5.288949197529044 0.6495792821083618
2 6.027633760716439 5.680445610939323 0.4807396811264659
3 5.448831829968968 9.25596638292661 0.6402645881432277
4 4.236547993389047 0.7103605819788694 0.3091372129344666
5 6.458941130666561 0.8712929970154071 0.569960510663762
6 4.375872112626925 0.2021839744032572 0.3216766437045232
7 8.917730007820797 8.32619845547938 0.722334458524792
8 9.636627605010293 7.781567509498505 0.5109241608750359
9 3.8344151882577773 8.700121482468191 0.4573309699952618
