0 5.507979025745755 0.29876210878566956 0.0
1 7.081478226181048 4.568332243947111 0.5965689591564982
2 2.9090473891294435 6.491440476147607 0.47022685883536974
3 5.10827605197663 2.784872826479753 0.32843386923748163
4 8.929469543476547 6.7625490198013125 0.5223245090159223
5 8.96293088933438 5.908628174163509 0.6401573822556835
6 1.2558531046383625 0.23981882377165364 0.4031817661880899
7 2.0724287813818676 5.58854087990882 0.3609789419660907
8 0.5146720330082988 2.592524469074654 0.4439856287778244
9 4.408098436506364 4.151011970100696 0.7181918249302153
