0 4.17022004702574 4.191945144032948 0.0
1 7.203244934421581 6.852195003967595 0.7341307878596988
2 0.0011437481734488664 2.0445224973151745 0.4067120890796214
3 3.0233257263183977 8.781174363909454 0.596161307834657
4 1.4675589081711304 0.27387593197926163 0.6881945761480192
5 0.923385947687978 6.704675101784022 0.6973033317519237
6 1.862602113776709 4.17304802367127 0.29252210568488896
7 3.4556072704304777 5.586898284457517 0.2695273916164412
8 3.9676747423066994 1.4038693859523377 0.33491520978228445
9 5.3881673400335695 1.981014890848788 0.6890712517147066
