0 4.17022004702574 8.007445686755366 0.0
1 7.203244934421581 9.682615757193975 1.0992662617519358
2 0.0011437481734488664 3.1342417815924284 0.912177596825762
3 3.0233257263183977 6.923226156693141 1.1157117313805953
4 1.4675589081711304 8.763891522960384 0.8412904026310568
5 0.923385947687978 8.946066635038473 0.9791574104703621
6 1.862602113776709 0.8504421136977791 1.1634382012372382
7 3.4556072704304777 0.3905478323288236 0.9174456593494719
8 3.9676747423066994 1.698304195645689 0.9151101354345396
9 5.3881673400335695 8.78142503429413 0.8520114288473111
10 4.191945144032948 0.983468338330501 0.8077467831481189
11 6.852195003967595 4.211076250050522 1.0715342131759564
12 2.0445224973151745 9.57889530150502 0.8846512464000237
13 8.781174363909454 5.331652849730171 0.9062186637488905
14 0.27387593197926163 6.9187711395047335 0.9966292637121353
15 6.704675101784022 3.1551563100606295 0.8213450180468322
16 4.17304802367127 6.865009276815837 1.0296470421968051
17 5.586898284457517 8.346256718973729 0.8586914299623241
18 1.4038693859523377 0.18288277344191806 1.0357222147613137
19 1.981014890848788 7.501443149449675 1.0799033440083725
