0 9.670298390136766 4.3614664687979765 0.0
1 5.4723224917572235 9.489773067815628 1.0495664454192892
2 9.726843599648843 7.86305985935061 1.1069619868360494
3 7.148159936743647 8.662892985816985 0.8715895640164524
4 6.977288245972709 1.7316542149594816 0.9502303074350169
5 2.160894955803764 0.7494858701310703 1.0010132237307738
6 9.762744547762418 6.007427213777693 1.0746668319665382
7 0.06230255204589863 1.6797218371840383 0.9014718594645533
8 2.5298236238344396 7.333801675105699 1.0218963451770233
9 4.3479153240444575 4.084438601520147 1.0499723376256391
10 7.793829217937525 5.279088234179204 1.1582004664224583
11 1.9768507460025309 9.37571583950942 0.9451414353732506
12 8.629932355992223 5.21696122444958 1.0550228292074946
13 9.834006771753128 1.0819338288723068 0.8765785608475853
14 1.6384224140469872 1.5822340718479944 0.9991176458469223
15 5.973339439328592 5.452026517032128 0.8729781618284828
16 0.08986097667554982 5.244040800684734 1.167353215655905
17 3.865712826436294 6.3761024412599365 0.972728828536491
18 0.44160057931499574 4.0149544359027285 1.1320752408393384
19 9.56652967714236 6.498051090193423 0.966710521871345
