0 5.507979025745755 2.835250817713187 0.0
1 7.081478226181048 6.931379183129963 0.9875760994796676
2 2.9090473891294435 4.404537176707395 0.9076942313004245
3 5.10827605197663 1.5686773847496327 0.9167171096901731
4 8.929469543476547 5.446490180318447 0.9830745597291912
5 8.96293088933438 7.80314764511367 1.1442135651787706
6 1.2558531046383625 3.0636353237617975 1.0345011617871285
7 2.0724287813818676 2.219578839321814 0.913395144972884
8 0.5146720330082988 3.8797125755564874 0.9111910026494405
9 4.408098436506364 9.363836498604304 0.9818488302087787
10 0.29876210878566956 9.759954224729338 0.882164137841995
11 4.568332243947111 6.723836759128137 0.8805514844172293
12 6.491440476147607 9.02834108538398 1.0056140239269769
13 2.784872826479753 8.457508712931793 0.8348917475123219
14 6.7625490198013125 3.7799404132888914 0.9934342129406346
15 5.908628174163509 0.9221700887172424 0.9448704849551334
16 0.23981882377165364 6.534109025235361 1.0830746487262684
17 5.58854087990882 5.578407623884509 1.0986984892408018
18 2.592524469074654 3.615647630625781 1.0764371687423058
19 4.151011970100696 2.250545048398319 1.0756721655019656
